
## Project Settings
## make these reactive values? read-in from a control file.
default_proj <- "+proj=lcc +lat_0=31.83333333333333 +lat_1=32.5 +lat_2=34.83333333333334 +lon_0=-81.0 +x_0=2000000 +y_0=0 +datum=NAD83 +units=ft"
default_grid_res <- 2000
default_grid_ny <- 1061
default_grid_nx <- 1183
default_grid_xll <- 1217311.30587
default_grid_yll <- -348921.374663


